104729
130363
155921
181081
207031
233017
259001
285017
311039
337069
363119
389171
415237
441307
467389
493487
519607
545747
571903
598079
624271
650489
676733
702983
729257
755551
781867
808201
834557
860927
887323
913741
940183
966649
993127
1019621
1046123
1072649
1099187
1125733
1152311
1178899
1205501
1232117
1258741
1285393
1312057
1338737
1365431
1392143
1418873
1445623
1472387
1499167
1525963
1552781
1579613
1606463
1633327
1660213
1687111
1714027
1740967
1767919
1794893
1821889
1848911
1875949
1903001
1930081
1957177
1984291
2011423
2038573
2065741
2092927
2120131
2147359
2174609
2201881
2229173
2256487
2283823
2311181
2338561
2365963
2393387
2420833
2448301
2475791
2503303
2530837
2558393
2585971
2613571
2641213
2668877
2696563
2724271
2752001
