Date,Timestamp,Event_Log,Event_Log_Num,resetWallCountperEpisode,resetTotalCountperEpisode,reset00CountperEpisode,reset01CountperEpisode,resetbetCountperEpisode
20260201192619.616,179.8089,,,24,28,0,4,19.54557
20260201192706.108,359.6289,,,25,33,0,8,18.17403
20260201192751.985,539.4489,,,24,28,0,4,21.56976
20260201192837.790,719.2689,,,32,36,0,4,17.53906
20260201192923.353,899.0889,,,24,36,0,12,18.14204
20260201193009.261,1078.9090,,,26,30,0,4,21.85473
20260201193055.107,1258.7290,,,20,32,0,12,17.63737
20260201193140.778,1438.5490,,,21,33,0,12,19.14952
20260201193226.887,1618.3690,,,25,27,0,2,24.21057
20260201193312.798,1798.1890,,,31,33,0,2,18.81116
20260201193358.547,1978.0090,,,28,36,0,8,17.09531
20260201193444.326,2157.8290,,,26,36,0,10,17.5564
20260201193530.702,2337.6490,,,27,29,0,2,21.74236
20260201193617.083,2517.4690,,,28,32,0,4,21.2373
20260201193703.182,2697.2890,,,29,33,0,4,18.95855
20260201193749.207,2877.1090,,,27,31,0,4,21.33292
20260201193835.456,3056.9290,,,25,27,0,2,23.62289
20260201193921.596,3236.7490,,,24,36,0,12,16.55798
20260201194007.912,3416.5690,,,20,30,0,10,19.71775
20260201194053.881,3596.3890,,,21,29,0,8,21.6781
20260201194140.544,3776.2090,,,23,29,0,6,21.54291
20260201194227.410,3956.0290,,,23,31,0,8,19.26052
20260201194315.481,4135.8490,,,26,30,0,4,20.81919
20260201194404.345,4315.6690,,,31,39,0,8,16.77499
20260201194452.645,4495.4890,,,33,37,0,4,18.27357
20260201194541.641,4675.3090,,,22,30,0,8,21.35008
20260201194631.060,4855.1290,,,25,35,0,10,19.06882
20260201194720.598,5034.9490,,,30,40,0,10,15.69348
20260201194808.936,5214.7690,,,25,27,0,2,22.03468
20260201194859.177,5394.5890,,,20,22,0,2,27.19538
20260201195018.414,5574.4090,,,21,33,0,12,18.34244
20260201195107.629,5754.2290,,,25,31,0,6,18.863
20260201195156.708,5934.0490,,,23,27,0,4,21.47321
20260201195247.052,6113.8690,,,22,28,0,6,23.38891
20260201195339.077,6293.6890,,,24,34,0,10,19.08897
20260201195433.746,6473.5090,,,30,32,0,2,19.10674
20260201195525.295,6653.3290,,,24,32,0,8,17.97914
20260201195615.102,6833.1490,,,18,28,0,10,23.29694
20260201195709.102,7012.9690,,,24,34,0,10,17.61001
20260201195806.625,7192.7890,,,29,33,0,4,18.29469
20260201195859.548,7372.6090,,,33,39,0,6,16.39594
20260201200000.175,7552.4290,,,23,29,0,6,23.84109
20260201200057.435,7732.2490,,,28,30,0,2,20.79702
20260201200152.028,7912.0690,,,24,28,0,4,23.0029
20260201200257.993,8091.8890,,,25,33,0,8,18.36312
20260201200403.054,8271.7090,,,20,26,0,6,21.18224
20260201200510.243,8451.5280,,,24,26,0,2,25.98241
20260201200613.435,8631.3490,,,27,29,0,2,22.05194
20260201200719.075,8811.1690,,,26,33,0,7,19.92709
20260201200824.870,8990.9880,,,24,34,0,10,18.53694
20260201200824.895,8990.9880,TotalRsetMean31.480],2
20260201200824.901,8990.9880,TotalRsetMean3.743],2
20260201200824.901,8990.9880,UserbetResetMean0.000],5
20260201200824.901,8990.9880,UserbetResetMean0.000],5
20260201200824.901,8990.9880,UsershutterResetMean6.300],6
20260201200824.901,8990.9880,UsershutterResetMean3.211],6
20260201200824.901,8990.9880,MeanDistBetResets20.113],7
20260201200824.905,8990.9880,MeanDistBetResets2.506],7
