Date,Timestamp,Event_Log,Event_Log_Num,resetWallCountperEpisode,resetTotalCountperEpisode,reset00CountperEpisode,reset01CountperEpisode,resetbetCountperEpisode
20260201134847.992,179.8089,,,38,50,0,12,17.65232
20260201134956.676,359.6289,,,28,49,0,21,18.04311
20260201135106.265,539.4489,,,37,43,0,6,22.38742
20260201135216.127,719.2689,,,40,64,0,24,13.81881
20260201135327.328,899.0889,,,39,51,0,12,17.56476
20260201135438.131,1078.9090,,,40,59,0,19,15.01592
20260201135549.223,1258.7290,,,31,45,0,14,20.82154
20260201135658.744,1438.5490,,,39,61,0,22,14.6
20260201135808.847,1618.3690,,,38,48,0,10,18.68827
20260201135918.963,1798.1890,,,39,57,0,18,15.0049
20260201135918.963,1798.1890,TotalRsetMean52.700],2
20260201135918.964,1798.1890,TotalRsetMean6.687],2
20260201135918.964,1798.1890,UserbetResetMean0.000],5
20260201135918.964,1798.1890,UserbetResetMean0.000],5
20260201135918.964,1798.1890,UsershutterResetMean15.800],6
20260201135918.964,1798.1890,UsershutterResetMean5.510],6
20260201135918.964,1798.1890,MeanDistBetResets17.360],7
20260201135918.964,1798.1890,MeanDistBetResets2.661],7
