Date,Timestamp,Event_Log,Event_Log_Num,resetWallCountperEpisode,resetTotalCountperEpisode,reset00CountperEpisode,reset01CountperEpisode,resetbetCountperEpisode
20260202105411.556,179.8089,,,20,24,0,4,24.05312
20260202105459.932,359.6289,,,24,28,0,4,23.19493
20260202105549.265,539.4489,,,17,21,0,4,30.07924
20260202105636.614,719.2689,,,30,40,0,10,15.47609
20260202105724.156,899.0889,,,22,32,0,10,20.0294
20260202105811.774,1078.9090,,,24,26,0,2,23.51221
20260202105859.664,1258.7290,,,27,33,0,6,20.93493
20260202105947.465,1438.5490,,,25,27,0,2,24.64914
20260202110035.237,1618.3690,,,22,24,0,2,22.48233
20260202110123.007,1798.1890,,,23,29,0,6,19.85843
20260202110210.303,1978.0090,,,28,36,0,8,18.48541
20260202110259.035,2157.8290,,,25,27,0,2,22.09295
20260202110347.692,2337.6490,,,25,29,0,4,21.7369
20260202110436.797,2517.4690,,,25,27,0,2,24.04391
20260202110525.110,2697.2890,,,24,33,0,9,19.94911
20260202110613.921,2877.1090,,,25,31,0,6,19.76685
20260202110702.374,3056.9290,,,24,30,0,6,21.77079
20260202110750.788,3236.7490,,,25,32,0,7,18.78108
20260202110841.431,3416.5690,,,24,32,0,8,18.66945
20260202110930.312,3596.3890,,,29,35,0,6,19.59726
20260202111019.423,3776.2090,,,28,30,0,2,20.12711
20260202111108.184,3956.0290,,,28,38,0,10,16.14627
20260202111157.464,4135.8490,,,28,34,0,6,17.48843
20260202111246.977,4315.6690,,,23,27,0,4,22.14545
20260202111336.811,4495.4890,,,29,35,0,6,19.01077
20260202111426.881,4675.3090,,,26,30,0,4,22.18926
20260202111517.892,4855.1290,,,23,27,0,4,21.4328
20260202111607.669,5034.9490,,,28,32,0,4,19.9806
20260202111658.446,5214.7690,,,25,33,0,8,18.44515
20260202111748.973,5394.5890,,,24,32,0,8,19.02303
20260202111839.260,5574.4090,,,24,32,0,8,18.05038
20260202111929.529,5754.2290,,,28,34,0,6,19.07981
20260202112019.981,5934.0490,,,21,25,0,4,26.75038
20260202112111.098,6113.8690,,,23,32,0,9,19.92141
20260202112201.141,6293.6890,,,26,35,0,9,19.2001
20260202112254.258,6473.5090,,,24,32,0,8,20.20273
20260202112352.946,6653.3290,,,27,33,0,6,19.52827
20260202112454.802,6833.1490,,,23,31,0,8,21.00843
20260202112556.148,7012.9690,,,22,30,0,8,20.03617
20260202112705.867,7192.7890,,,24,28,0,4,21.21237
20260202112818.210,7372.6090,,,24,30,0,6,16.70088
20260202112932.388,7552.4290,,,27,35,0,8,18.26439
20260202113052.021,7732.2490,,,29,33,0,4,18.27745
20260202113216.720,7912.0690,,,24,28,0,4,24.26978
20260202113344.081,8091.8890,,,20,28,0,8,21.39502
20260202113516.783,8271.7090,,,22,26,0,4,24.47302
20260202113650.965,8451.5280,,,26,32,0,6,20.23501
20260202113832.856,8631.3490,,,24,30,0,6,22.9358
20260202114024.005,8811.1690,,,26,30,0,4,22.05677
20260202114222.466,8990.9880,,,26,32,0,6,18.75731
20260202114222.496,8990.9880,TotalRsetMean30.600],2
20260202114222.505,8990.9880,TotalRsetMean3.555],2
20260202114222.505,8990.9880,UserbetResetMean0.000],5
20260202114222.505,8990.9880,UserbetResetMean0.000],5
20260202114222.505,8990.9880,UsershutterResetMean5.800],6
20260202114222.505,8990.9880,UsershutterResetMean2.088],6
20260202114222.506,8990.9880,MeanDistBetResets20.750],7
20260202114222.514,8990.9880,MeanDistBetResets2.669],7
