Date,Timestamp,Event_Log,Event_Log_Num,resetWallCountperEpisode,resetTotalCountperEpisode,reset00CountperEpisode,reset01CountperEpisode,resetbetCountperEpisode
20260202145655.186,179.8089,,,20,20,0,0,20.57901
20260202145731.428,359.6289,,,17,22,0,5,23.01531
20260202145807.485,539.4489,,,17,19,0,2,24.3395
20260202145843.808,719.2689,,,18,22,0,4,21.03816
20260202145921.500,899.0889,,,21,25,0,4,17.41124
20260202145959.426,1078.9090,,,15,15,0,0,27.34256
20260202150036.368,1258.7290,,,24,24,0,0,21.22688
20260202150113.538,1438.5490,,,16,18,0,2,26.00055
20260202150150.490,1618.3690,,,22,24,0,2,21.29418
20260202150227.150,1798.1890,,,20,24,0,4,20.29643
20260202150303.328,1978.0090,,,16,22,0,6,23.75555
20260202150339.330,2157.8290,,,16,22,0,6,23.11103
20260202150415.352,2337.6490,,,21,25,0,4,18.85198
20260202150451.842,2517.4690,,,19,21,0,2,22.72962
20260202150527.672,2697.2890,,,16,24,0,8,21.27228
20260202150603.783,2877.1090,,,21,21,0,0,23.07269
20260202150639.612,3056.9290,,,24,24,0,0,21.24004
20260202150715.843,3236.7490,,,18,22,0,4,22.05792
20260202150752.553,3416.5690,,,17,22,0,5,21.20985
20260202150829.616,3596.3890,,,16,18,0,2,26.83036
20260202150906.383,3776.2090,,,17,21,0,4,24.21145
20260202150942.722,3956.0290,,,15,21,0,6,20.6703
20260202151019.208,4135.8490,,,22,24,0,2,20.62146
20260202151056.062,4315.6690,,,18,22,0,4,23.23555
20260202151132.427,4495.4890,,,24,24,0,0,21.40869
20260202151208.715,4675.3090,,,22,22,0,0,21.72843
20260202151245.523,4855.1290,,,19,21,0,2,22.01394
20260202151322.131,5034.9490,,,19,23,0,4,20.66587
20260202151358.802,5214.7690,,,22,24,0,2,20.51037
20260202151435.532,5394.5890,,,17,21,0,4,23.09866
20260202151512.451,5574.4090,,,20,22,0,2,22.59641
20260202151548.658,5754.2290,,,24,28,0,4,18.79005
20260202151625.150,5934.0490,,,19,21,0,2,23.8148
20260202151701.805,6113.8690,,,16,22,0,6,23.48153
20260202151739.499,6293.6890,,,17,21,0,4,24.8019
20260202151816.664,6473.5090,,,15,22,0,7,18.47427
20260202151853.457,6653.3290,,,20,22,0,2,21.64066
20260202151930.306,6833.1490,,,16,20,0,4,24.93956
20260202152007.716,7012.9690,,,16,20,0,4,24.75847
20260202152045.294,7192.7890,,,20,20,0,0,25.16685
20260202152121.468,7372.6090,,,23,27,0,4,18.52671
20260202152158.763,7552.4290,,,19,23,0,4,23.9409
20260202152235.972,7732.2490,,,17,25,0,8,20.86727
20260202152313.914,7912.0690,,,13,13,0,0,26.78781
20260202152351.913,8091.8890,,,22,22,0,0,20.68532
20260202152429.254,8271.7090,,,18,20,0,2,23.36937
20260202152507.135,8451.5280,,,20,20,0,0,26.65975
20260202152544.972,8631.3490,,,21,25,0,4,20.03599
20260202152622.535,8811.1690,,,19,21,0,2,21.18857
20260202152701.294,8990.9880,,,19,19,0,0,25.95825
20260202152701.295,8990.9880,TotalRsetMean21.800],2
20260202152701.297,8990.9880,TotalRsetMean2.600],2
20260202152701.297,8990.9880,UserbetResetMean0.000],5
20260202152701.297,8990.9880,UserbetResetMean0.000],5
20260202152701.297,8990.9880,UsershutterResetMean2.940],6
20260202152701.298,8990.9880,UsershutterResetMean2.087],6
20260202152701.298,8990.9880,MeanDistBetResets22.426],7
20260202152701.298,8990.9880,MeanDistBetResets2.345],7
