Date,Timestamp,Event_Log,Event_Log_Num,resetWallCountperEpisode,resetTotalCountperEpisode,reset00CountperEpisode,reset01CountperEpisode,resetbetCountperEpisode
20260202202733.723,179.8089,,,17,19,0,2,0
20260202202754.771,359.6289,,,18,23,0,5,0
20260202202815.254,539.4489,,,23,30,0,7,0
20260202202836.145,719.2689,,,20,21,0,1,0
20260202202856.821,899.0889,,,22,23,0,1,0
20260202202917.308,1078.9090,,,21,23,0,2,0
20260202202938.095,1258.7290,,,18,24,0,6,0
20260202202958.960,1438.5490,,,18,20,0,2,0
20260202203019.641,1618.3690,,,22,27,0,5,0
20260202203040.571,1798.1890,,,20,24,0,4,0
20260202203101.397,1978.0090,,,21,24,0,3,0
20260202203122.147,2157.8290,,,23,24,0,1,0
20260202203143.429,2337.6490,,,16,18,0,2,0
20260202203204.785,2517.4690,,,18,22,0,4,0
20260202203225.766,2697.2890,,,15,21,0,6,0
20260202203246.879,2877.1090,,,18,23,0,5,0
20260202203308.271,3056.9290,,,17,25,0,8,0
20260202203329.551,3236.7490,,,21,25,0,4,0
20260202203350.775,3416.5690,,,20,24,0,4,0
20260202203412.109,3596.3890,,,21,27,0,6,0
20260202203434.084,3776.2090,,,18,21,0,3,0
20260202203455.421,3956.0290,,,22,26,0,4,0
20260202203516.933,4135.8490,,,19,21,0,2,0
20260202203538.954,4315.6690,,,23,27,0,4,0
20260202203600.867,4495.4890,,,21,25,0,4,0
20260202203622.660,4675.3090,,,22,27,0,5,0
20260202203644.807,4855.1290,,,19,21,0,2,0
20260202203706.663,5034.9490,,,23,29,0,6,0
20260202203728.818,5214.7690,,,21,23,0,2,0
20260202203750.706,5394.5890,,,24,28,0,4,0
20260202203812.914,5574.4090,,,19,23,0,4,0
20260202203835.170,5754.2290,,,19,20,0,1,0
20260202203857.758,5934.0490,,,15,16,0,1,0
20260202203919.450,6113.8690,,,17,20,0,3,0
20260202203942.072,6293.6890,,,17,22,0,5,0
20260202204004.420,6473.5090,,,18,19,0,1,0
20260202204026.701,6653.3290,,,22,24,0,2,0
20260202204049.112,6833.1490,,,19,20,0,1,0
20260202204110.945,7012.9690,,,20,21,0,1,0
20260202204133.338,7192.7890,,,19,23,0,4,0
20260202204155.779,7372.6090,,,17,24,0,7,0
20260202204218.305,7552.4290,,,17,22,0,5,0
20260202204239.628,7732.2490,,,19,23,0,4,0
20260202204302.120,7912.0690,,,18,22,0,4,0
20260202204324.735,8091.8890,,,17,19,0,2,0
20260202204345.983,8271.7090,,,22,25,0,3,0
20260202204409.319,8451.5280,,,17,19,0,2,0
20260202204432.041,8631.3490,,,17,22,0,5,0
20260202204453.587,8811.1690,,,18,24,0,6,0
20260202204516.802,8990.9880,,,17,18,0,1,0
20260202204516.804,8990.9880,TotalRsetMean22.820],2
20260202204516.805,8990.9880,TotalRsetMean2.872],2
20260202204516.805,8990.9880,UserbetResetMean0.000],5
20260202204516.805,8990.9880,UserbetResetMean0.000],5
20260202204516.805,8990.9880,UsershutterResetMean3.520],6
20260202204516.806,8990.9880,UsershutterResetMean1.615],6
20260202204516.806,8990.9880,MeanDistBetResets0.000],7
20260202204516.806,8990.9880,MeanDistBetResets0.000],7
