Date,Timestamp,Event_Log,Event_Log_Num,resetWallCountperEpisode,resetTotalCountperEpisode,reset00CountperEpisode,reset01CountperEpisode,resetbetCountperEpisode
20260202204539.352,9170.8090,,,24,26,0,2,0
20260202204601.796,9350.6290,,,19,21,0,2,0
20260202204625.569,9530.4480,,,17,19,0,2,0
20260202204647.802,9710.2690,,,19,27,0,8,0
20260202204710.346,9890.0890,,,19,19,0,0,0
20260202204731.680,10069.9100,,,19,22,0,3,0
20260202204754.369,10249.7300,,,18,21,0,3,0
20260202204815.440,10429.5500,,,14,16,0,2,0
20260202204840.875,10609.3700,,,21,22,0,1,0
20260202204903.300,10789.1900,,,20,24,0,4,0
20260202204926.666,10969.0100,,,18,22,0,4,0
20260202204948.331,11148.8300,,,19,23,0,4,0
20260202205013.270,11328.6500,,,17,18,0,1,0
20260202205034.665,11508.4700,,,16,25,0,9,0
20260202205056.168,11688.2900,,,23,26,0,3,0
20260202205122.751,11868.1100,,,23,25,0,2,0
20260202205146.646,12047.9300,,,17,17,0,0,0
20260202205216.861,12227.7500,,,19,22,0,3,0
20260202205241.482,12407.5700,,,19,20,0,1,0
20260202205315.083,12587.3900,,,21,24,0,3,0
20260202205336.893,12767.2100,,,16,20,0,4,0
20260202205404.530,12947.0300,,,16,19,0,3,0
20260202205437.867,13126.8500,,,20,24,0,4,0
20260202205504.554,13306.6700,,,19,21,0,2,0
20260202205539.229,13486.4900,,,20,28,0,8,0
20260202205604.006,13666.3100,,,14,18,0,4,0
20260202205632.767,13846.1300,,,18,20,0,2,0
20260202205706.155,14025.9500,,,17,24,0,7,0
20260202205729.147,14205.7700,,,18,21,0,3,0
20260202205759.446,14385.5900,,,16,19,0,3,0
20260202205836.380,14565.4100,,,16,20,0,4,0
20260202205901.404,14745.2300,,,18,20,0,2,0
20260202205930.739,14925.0500,,,19,25,0,6,0
20260202210003.302,15104.8700,,,19,25,0,6,0
20260202210029.373,15284.6900,,,19,25,0,6,0
20260202210101.648,15464.5100,,,18,19,0,1,0
20260202210133.339,15644.3300,,,22,25,0,3,0
20260202210159.711,15824.1500,,,19,22,0,3,0
20260202210235.839,16003.9700,,,14,19,0,5,0
20260202210318.553,16183.7900,,,17,21,0,4,0
20260202210350.864,16363.6100,,,20,24,0,4,0
20260202210426.812,16543.4300,,,17,19,0,2,0
20260202210512.634,16723.2500,,,20,25,0,5,0
20260202210540.007,16903.0700,,,22,26,0,4,0
20260202210619.585,17082.8900,,,20,20,0,0,0
20260202210700.094,17262.7100,,,16,20,0,4,0
20260202210724.737,17442.5300,,,20,26,0,6,0
20260202210800.983,17622.3500,,,17,23,0,6,0
20260202210854.483,17802.1700,,,18,27,0,9,0
20260202210920.696,17981.9900,,,16,18,0,2,0
20260202210920.697,17981.9900,TotalRsetMean22.430],2
20260202210920.697,17981.9900,TotalRsetMean2.810],2
20260202210920.697,17981.9900,UserbetResetMean0.000],5
20260202210920.697,17981.9900,UserbetResetMean0.000],5
20260202210920.697,17981.9900,UsershutterResetMean3.550],6
20260202210920.697,17981.9900,UsershutterResetMean1.843],6
20260202210920.697,17981.9900,MeanDistBetResets0.000],7
20260202210920.697,17981.9900,MeanDistBetResets0.000],7
