Date,Timestamp,Event_Log,Event_Log_Num,resetWallCountperEpisode,resetTotalCountperEpisode,reset00CountperEpisode,reset01CountperEpisode,resetbetCountperEpisode
20260201102428.580,179.8089,,,25,33,0,8,18.63399
20260201102514.698,359.6289,,,26,30,0,4,20.28468
20260201102600.829,539.4489,,,22,35,0,13,17.82127
20260201102647.413,719.2689,,,22,28,0,6,23.04108
20260201102733.901,899.0889,,,28,32,0,4,19.54737
20260201102821.497,1078.9090,,,27,29,0,2,21.52617
20260201102908.939,1258.7290,,,25,31,0,6,21.28222
20260201102956.104,1438.5490,,,28,28,0,0,22.69237
20260201103042.898,1618.3690,,,26,34,0,8,17.8418
20260201103131.231,1798.1890,,,18,34,0,16,16.56876
20260201103218.020,1978.0090,,,28,32,0,4,19.89018
20260201103305.252,2157.8290,,,27,27,0,0,22.46113
20260201103352.742,2337.6490,,,20,24,0,4,24.74803
20260201103439.906,2517.4690,,,23,29,0,6,20.4067
20260201103527.019,2697.2890,,,28,35,0,7,18.23901
20260201103613.969,2877.1090,,,27,33,0,6,18.37377
20260201103700.791,3056.9290,,,25,27,0,2,22.91239
20260201103749.044,3236.7490,,,18,20,0,2,32.54832
20260201103837.449,3416.5690,,,15,25,0,10,24.29775
20260201103924.803,3596.3890,,,27,31,0,4,20.7028
20260201104011.957,3776.2090,,,27,34,0,7,19.63274
20260201104059.796,3956.0290,,,24,28,0,4,19.4325
20260201104147.090,4135.8490,,,26,36,0,10,17.89675
20260201104236.217,4315.6690,,,27,33,0,6,19.867
20260201104327.949,4495.4890,,,21,27,0,6,21.25618
20260201104418.026,4675.3090,,,22,24,0,2,27.06973
20260201104508.520,4855.1290,,,28,34,0,6,19.00331
20260201104556.607,5034.9490,,,27,53,0,26,11.279
20260201104647.034,5214.7690,,,23,25,0,2,25.06401
20260201104736.431,5394.5890,,,29,35,0,6,18.42733
20260201104826.908,5574.4090,,,26,26,0,0,20.41755
20260201104917.610,5754.2290,,,23,29,0,6,22.17743
20260201105011.236,5934.0490,,,28,34,0,6,18.31239
20260201105103.005,6113.8690,,,28,32,0,4,19.8834
20260201105156.753,6293.6890,,,27,31,0,4,20.55935
20260201105252.674,6473.5090,,,19,25,0,6,23.4313
20260201105347.285,6653.3290,,,23,27,0,4,19.43724
20260201105442.676,6833.1490,,,26,37,0,11,16.7563
20260201105540.425,7012.9690,,,33,41,0,8,15.7056
20260201105639.826,7192.7890,,,19,19,0,0,26.89118
20260201105737.685,7372.6090,,,20,24,0,4,26.69724
20260201105852.757,7552.4290,,,20,26,0,6,26.32964
20260201105953.923,7732.2490,,,26,28,0,2,24.8279
20260201110103.471,7912.0690,,,28,32,0,4,20.01458
20260201110207.900,8091.8890,,,24,32,0,8,20.77
20260201110320.573,8271.7090,,,29,31,0,2,21.21215
20260201110451.311,8451.5280,,,22,34,0,12,18.85058
20260201110612.060,8631.3490,,,26,34,0,8,18.35599
20260201110736.463,8811.1690,,,30,36,0,6,18.34104
20260201110909.916,8990.9880,,,18,28,0,10,21.77162
20260201110909.919,8990.9880,TotalRsetMean30.640],2
20260201110909.920,8990.9880,TotalRsetMean5.403],2
20260201110909.920,8990.9880,UserbetResetMean0.000],5
20260201110909.920,8990.9880,UserbetResetMean0.000],5
20260201110909.920,8990.9880,UsershutterResetMean5.960],6
20260201110909.920,8990.9880,UsershutterResetMean4.413],6
20260201110909.920,8990.9880,MeanDistBetResets20.870],7
20260201110909.921,8990.9880,MeanDistBetResets3.475],7
