Date,Timestamp,Event_Log,Event_Log_Num,resetWallCountperEpisode,resetTotalCountperEpisode,reset00CountperEpisode,reset01CountperEpisode,resetbetCountperEpisode
20260201151629.220,179.8089,,,25,31,0,6,19.84135
20260201151716.328,359.6289,,,24,30,0,6,22.26844
20260201151802.843,539.4489,,,29,33,0,4,18.94508
20260201151849.051,719.2689,,,23,29,0,6,22.71513
20260201151934.956,899.0889,,,23,31,0,8,20.18818
20260201152021.158,1078.9090,,,24,24,0,0,26.89573
20260201152107.496,1258.7290,,,25,27,0,2,22.70789
20260201152153.223,1438.5490,,,28,30,0,2,20.62089
20260201152239.922,1618.3690,,,20,20,0,0,30.51047
20260201152326.087,1798.1890,,,28,32,0,4,20.00459
20260201152412.365,1978.0090,,,27,35,0,8,17.51172
20260201152459.422,2157.8290,,,24,30,0,6,21.66979
20260201152555.619,2337.6490,,,24,30,0,6,21.44579
20260201152714.996,2517.4690,,,21,27,0,6,24.17362
20260201152834.781,2697.2890,,,22,30,0,8,21.06559
20260201152952.632,2877.1090,,,24,32,0,8,21.50544
20260201153058.198,3056.9290,,,25,29,0,4,22.86281
20260201153145.876,3236.7490,,,25,37,0,12,15.39861
20260201153233.890,3416.5690,,,30,34,0,4,19.28728
20260201153320.978,3596.3890,,,23,31,0,8,22.28662
20260201153408.316,3776.2090,,,33,41,0,8,14.82712
20260201153456.800,3956.0290,,,25,29,0,4,22.39424
20260201153545.549,4135.8490,,,23,27,0,4,25.09417
20260201153634.439,4315.6690,,,24,30,0,6,21.7542
20260201153722.690,4495.4890,,,25,29,0,4,20.97155
20260201153811.325,4675.3090,,,20,30,0,10,19.69624
20260201153900.565,4855.1290,,,24,26,0,2,23.74845
20260201153947.866,5034.9490,,,28,40,0,12,15.45272
20260201154035.384,5214.7690,,,27,37,0,10,17.74343
20260201154124.110,5394.5890,,,24,28,0,4,21.02673
20260201154212.148,5574.4090,,,24,32,0,8,20.0892
20260201154300.511,5754.2290,,,23,28,0,5,20.19484
20260201154348.812,5934.0490,,,26,34,0,8,18.07525
20260201154437.992,6113.8690,,,26,32,0,6,19.71416
20260201154527.370,6293.6890,,,29,33,0,4,18.64058
20260201154617.758,6473.5090,,,16,18,0,2,35.26496
20260201154708.816,6653.3290,,,26,30,0,4,22.1429
20260201154759.323,6833.1490,,,29,33,0,4,20.43176
20260201154855.718,7012.9690,,,26,34,0,8,17.71668
20260201154949.842,7192.7890,,,22,22,0,0,28.50092
20260201155040.351,7372.6090,,,21,29,0,8,21.51003
20260201155144.203,7552.4290,,,26,32,0,6,18.34852
20260201155242.881,7732.2490,,,24,34,0,10,18.32318
20260201155344.402,7912.0690,,,28,32,0,4,20.21922
20260201155441.919,8091.8890,,,28,36,0,8,18.32277
20260201155546.160,8271.7090,,,23,35,0,12,18.61489
20260201155650.055,8451.5280,,,25,33,0,8,19.65517
20260201155750.000,8631.3490,,,23,31,0,8,21.14854
20260201155845.481,8811.1690,,,23,27,0,4,19.79098
20260201155939.961,8990.9880,,,24,32,0,8,22.19581
20260201155939.979,8990.9880,TotalRsetMean30.720],2
20260201155939.984,8990.9880,TotalRsetMean4.276],2
20260201155939.984,8990.9880,UserbetResetMean0.000],5
20260201155939.984,8990.9880,UserbetResetMean0.000],5
20260201155939.985,8990.9880,UsershutterResetMean5.940],6
20260201155939.985,8990.9880,UsershutterResetMean2.952],6
20260201155939.985,8990.9880,MeanDistBetResets21.070],7
20260201155939.987,8990.9880,MeanDistBetResets3.557],7
