Date,Timestamp,Event_Log,Event_Log_Num,resetWallCountperEpisode,resetTotalCountperEpisode,reset00CountperEpisode,reset01CountperEpisode,resetbetCountperEpisode
20260201173343.816,179.8089,,,27,36,0,9,18.29994
20260201173427.872,359.6289,,,30,34,0,4,18.52754
20260201173512.616,539.4489,,,23,25,0,2,26.3525
20260201173557.505,719.2689,,,20,30,0,10,20.67386
20260201173642.247,899.0889,,,25,31,0,6,21.68362
20260201173726.930,1078.9090,,,24,36,0,12,17.83227
20260201173812.118,1258.7290,,,25,29,0,4,22.38352
20260201173857.112,1438.5490,,,25,34,0,9,19.55684
20260201173942.151,1618.3690,,,21,23,0,2,28.65005
20260201174027.536,1798.1890,,,23,25,0,2,24.37593
20260201174112.219,1978.0090,,,25,31,0,6,20.70218
20260201174157.230,2157.8290,,,29,35,0,6,18.26599
20260201174242.715,2337.6490,,,26,28,0,2,21.82173
20260201174329.190,2517.4690,,,30,30,0,0,21.86528
20260201174414.476,2697.2890,,,22,32,0,10,19.85109
20260201174459.742,2877.1090,,,23,33,0,10,17.93056
20260201174545.400,3056.9290,,,22,30,0,8,20.77842
20260201174631.594,3236.7490,,,25,35,0,10,17.38386
20260201174717.736,3416.5690,,,26,34,0,8,19.79751
20260201174803.274,3596.3890,,,21,25,0,4,25.65659
20260201174848.887,3776.2090,,,33,35,0,2,17.69336
20260201174937.545,3956.0290,,,23,30,0,7,22.10378
20260201175025.541,4135.8490,,,28,35,0,7,18.86061
20260201175113.782,4315.6690,,,26,26,0,0,24.41068
20260201175202.740,4495.4890,,,31,37,0,6,17.93329
20260201175252.613,4675.3090,,,23,27,0,4,22.05322
20260201175343.436,4855.1290,,,21,25,0,4,21.10265
20260201175432.687,5034.9490,,,20,28,0,8,21.55165
20260201175523.062,5214.7690,,,27,33,0,6,18.76561
20260201175613.355,5394.5890,,,27,31,0,4,21.7051
20260201175702.694,5574.4090,,,23,29,0,6,20.94637
20260201175752.427,5754.2290,,,22,28,0,6,21.99893
20260201175845.459,5934.0490,,,27,31,0,4,21.37334
20260201175938.570,6113.8690,,,27,31,0,4,20.7696
20260201180034.518,6293.6890,,,27,29,0,2,21.81721
20260201180133.077,6473.5090,,,31,31,0,0,18.60278
20260201180229.762,6653.3290,,,23,29,0,6,22.04292
20260201180330.222,6833.1490,,,30,36,0,6,16.89397
20260201180428.687,7012.9690,,,24,30,0,6,19.37909
20260201180531.897,7192.7890,,,28,34,0,6,18.45478
20260201180635.814,7372.6090,,,26,36,0,10,17.60532
20260201180736.754,7552.4290,,,24,34,0,10,16.93652
20260201180838.139,7732.2490,,,26,28,0,2,20.68522
20260201180942.253,7912.0690,,,24,26,0,2,24.90133
20260201181046.339,8091.8890,,,23,41,0,18,15.82296
20260201181158.123,8271.7090,,,25,27,0,2,23.71045
20260201181302.617,8451.5280,,,26,34,0,8,17.94494
20260201181409.388,8631.3490,,,27,29,0,2,22.95212
20260201181515.401,8811.1690,,,21,29,0,8,21.80087
20260201181617.019,8990.9880,,,24,28,0,4,21.90424
20260201181617.022,8990.9880,TotalRsetMean30.860],2
20260201181617.023,8990.9880,TotalRsetMean3.696],2
20260201181617.023,8990.9880,UserbetResetMean0.000],5
20260201181617.024,8990.9880,UserbetResetMean0.000],5
20260201181617.024,8990.9880,UsershutterResetMean5.680],6
20260201181617.024,8990.9880,UsershutterResetMean3.426],6
20260201181617.024,8990.9880,MeanDistBetResets20.702],7
20260201181617.025,8990.9880,MeanDistBetResets2.644],7
