Date,Timestamp,Event_Log,Event_Log_Num,resetWallCountperEpisode,resetTotalCountperEpisode,reset00CountperEpisode,reset01CountperEpisode,resetbetCountperEpisode
20260201131537.364,179.8089,,,30,42,0,12,16.73015
20260201131634.122,359.6289,,,28,38,0,10,18.56379
20260201131731.773,539.4489,,,33,41,0,8,18.08867
20260201131830.365,719.2689,,,28,36,0,8,20.40561
20260201131928.271,899.0889,,,36,42,0,6,18.03144
20260201132025.378,1078.9090,,,24,45,0,21,16.85518
20260201132122.662,1258.7290,,,37,48,0,11,15.64824
20260201132219.988,1438.5490,,,28,38,0,10,19.39372
20260201132317.501,1618.3690,,,25,40,0,15,19.81953
20260201132415.504,1798.1890,,,32,42,0,10,19.16041
20260201132513.886,1978.0090,,,28,34,0,6,22.38953
20260201132611.675,2157.8290,,,36,44,0,8,16.59059
20260201132710.554,2337.6490,,,33,40,0,7,20.46083
20260201132808.933,2517.4690,,,33,43,0,10,17.79304
20260201132908.034,2697.2890,,,30,44,0,14,17.3006
20260201133007.921,2877.1090,,,30,38,0,8,20.8325
20260201133107.273,3056.9290,,,38,40,0,2,19.01346
20260201133207.054,3236.7490,,,36,42,0,6,18.42296
20260201133306.721,3416.5690,,,34,38,0,4,20.13858
20260201133421.899,3596.3890,,,24,38,0,14,19.76578
20260201133421.900,3596.3890,TotalRsetMean40.650],2
20260201133421.900,3596.3890,TotalRsetMean3.095],2
20260201133421.901,3596.3890,UserbetResetMean0.000],5
20260201133421.901,3596.3890,UserbetResetMean0.000],5
20260201133421.901,3596.3890,UsershutterResetMean9.500],6
20260201133421.901,3596.3890,UsershutterResetMean4.093],6
20260201133421.901,3596.3890,MeanDistBetResets18.770],7
20260201133421.901,3596.3890,MeanDistBetResets1.644],7
