Date,Timestamp,Event_Log,Event_Log_Num,resetWallCountperEpisode,resetTotalCountperEpisode,reset00CountperEpisode,reset01CountperEpisode,resetbetCountperEpisode
20260201120841.810,179.8089,,,24,30,0,6,18.83949
20260201120928.737,359.6289,,,23,29,0,6,23.21218
20260201121015.331,539.4489,,,27,31,0,4,20.39741
20260201121101.437,719.2689,,,25,29,0,4,22.81357
20260201121147.376,899.0889,,,24,26,0,2,25.20486
20260201121232.804,1078.9090,,,24,32,0,8,19.759
20260201121318.715,1258.7290,,,19,25,0,6,26.27243
20260201121404.373,1438.5490,,,25,33,0,8,20.47703
20260201121450.624,1618.3690,,,25,27,0,2,23.37606
20260201121537.047,1798.1890,,,22,26,0,4,22.02333
20260201121623.615,1978.0090,,,24,29,0,5,21.37151
20260201121710.312,2157.8290,,,28,34,0,6,17.43399
20260201121757.880,2337.6490,,,18,24,0,6,25.47183
20260201121845.579,2517.4690,,,16,22,0,6,28.00825
20260201121932.438,2697.2890,,,29,35,0,6,18.46115
20260201122020.057,2877.1090,,,30,30,0,0,22.35629
20260201122107.364,3056.9290,,,28,40,0,12,14.91276
20260201122155.178,3236.7490,,,22,28,0,6,22.07825
20260201122242.862,3416.5690,,,26,36,0,10,17.74515
20260201122330.700,3596.3890,,,24,28,0,4,21.93165
20260201122330.701,3596.3890,TotalRsetMean29.700],2
20260201122330.701,3596.3890,TotalRsetMean4.232],2
20260201122330.701,3596.3890,UserbetResetMean0.000],5
20260201122330.701,3596.3890,UserbetResetMean0.000],5
20260201122330.701,3596.3890,UsershutterResetMean5.550],6
20260201122330.701,3596.3890,UsershutterResetMean2.489],6
20260201122330.701,3596.3890,MeanDistBetResets21.607],7
20260201122330.702,3596.3890,MeanDistBetResets3.160],7
