Date,Timestamp,Event_Log,Event_Log_Num,resetWallCountperEpisode,resetTotalCountperEpisode,reset00CountperEpisode,reset01CountperEpisode,resetbetCountperEpisode
20260201114531.347,179.8089,,,27,33,0,6,18.77053
20260201114617.378,359.6289,,,29,33,0,4,19.88602
20260201114703.922,539.4489,,,25,33,0,8,19.73319
20260201114751.359,719.2689,,,22,24,0,2,26.26831
20260201114839.132,899.0889,,,23,31,0,8,21.19196
20260201114927.049,1078.9090,,,26,30,0,4,21.78816
20260201115014.725,1258.7290,,,25,27,0,2,24.23044
20260201115101.880,1438.5490,,,22,28,0,6,22.70535
20260201115149.104,1618.3690,,,32,36,0,4,17.93374
20260201115236.490,1798.1890,,,21,23,0,2,26.67155
20260201115323.065,1978.0090,,,29,33,0,4,18.84358
20260201115409.788,2157.8290,,,30,36,0,6,18.31046
20260201115457.168,2337.6490,,,25,27,0,2,20.85125
20260201115544.617,2517.4690,,,24,30,0,6,21.05201
20260201115631.217,2697.2890,,,21,37,0,16,16.60824
20260201115718.472,2877.1090,,,24,32,0,8,20.81619
20260201115806.753,3056.9290,,,20,30,0,10,21.1893
20260201115853.944,3236.7490,,,27,31,0,4,20.49394
20260201115941.217,3416.5690,,,25,31,0,6,21.82282
20260201120027.338,3596.3890,,,24,28,0,4,21.38219
20260201120027.338,3596.3890,TotalRsetMean30.650],2
20260201120027.338,3596.3890,TotalRsetMean3.546],2
20260201120027.338,3596.3890,UserbetResetMean0.000],5
20260201120027.338,3596.3890,UserbetResetMean0.000],5
20260201120027.339,3596.3890,UsershutterResetMean5.600],6
20260201120027.339,3596.3890,UsershutterResetMean3.262],6
20260201120027.339,3596.3890,MeanDistBetResets21.027],7
20260201120027.339,3596.3890,MeanDistBetResets2.485],7
