Date,Timestamp,Event_Log,Event_Log_Num,resetWallCountperEpisode,resetTotalCountperEpisode,reset00CountperEpisode,reset01CountperEpisode,resetbetCountperEpisode
20260203201001.009,266.7219,,,26,33,0,7,24.23487
20260203201031.131,533.2662,,,30,36,0,6,22.21534
20260203201100.611,793.7943,,,24,28,0,4,28.5611
20260203201130.894,1063.0470,,,32,38,0,6,21.0464
20260203201200.856,1329.4360,,,30,35,0,5,22.85053
20260203201230.770,1593.0720,,,30,32,0,2,24.99372
20260203201301.906,1860.8820,,,34,35,0,1,22.85003
20260203201328.818,2125.0620,,,30,34,0,4,23.52273
20260203201355.329,2385.1680,,,21,23,0,2,34.77308
20260203201421.904,2647.5280,,,23,26,0,3,30.75813
20260203201448.661,2912.3180,,,22,32,0,10,24.99507
20260203201515.605,3180.5160,,,29,34,0,5,23.52191
20260203201542.162,3444.1630,,,26,30,0,4,26.6589
20260203201608.573,3705.9240,,,28,29,0,1,27.57868
20260203201634.899,3967.2070,,,26,28,0,2,28.56345
20260203201701.867,4235.3820,,,28,33,0,5,24.23427
20260203201731.735,4496.8650,,,24,29,0,5,27.57828
20260203201759.553,4761.3780,,,27,34,0,7,23.52168
20260203201826.326,5026.5130,,,25,29,0,4,27.5761
20260203201852.833,5289.7830,,,28,31,0,3,25.79937
20260203201919.380,5553.2860,,,28,30,0,2,26.65864
20260203201946.136,5821.6500,,,32,38,0,6,21.04809
20260203202012.686,6085.5080,,,28,32,0,4,24.99252
20260203202039.124,6349.5330,,,32,34,0,2,23.52192
20260203202106.020,6616.1990,,,26,32,0,6,24.99378
20260203202132.828,6882.1330,,,25,29,0,4,27.57714
20260203202159.439,7144.4700,,,29,29,0,0,27.57868
20260203202226.161,7408.4730,,,27,30,0,3,26.65681
20260203202252.615,7671.1660,,,24,31,0,7,25.80119
20260203202319.386,7938.5530,,,29,36,0,7,22.2156
20260203202346.580,8209.7150,,,28,37,0,9,21.6166
20260203202413.029,8469.5110,,,22,23,0,1,34.77121
20260203202441.062,8736.4990,,,31,36,0,5,22.21534
20260203202508.001,9002.7100,,,25,33,0,8,24.23546
20260203202534.934,9270.0640,,,30,31,0,1,25.7998
20260203202601.542,9534.8660,,,25,32,0,7,24.99219
20260203202628.603,9804.9850,,,29,36,0,7,22.21548
20260203202655.123,10073.1200,,,25,29,0,4,27.5791
20260203202721.113,10334.1200,,,25,27,0,2,29.621
20260203202747.239,10598.8500,,,24,32,0,8,24.99094
20260203202813.601,10866.7100,,,31,35,0,4,22.8507
20260203202839.660,11132.4900,,,32,36,0,4,22.21633
20260203202905.970,11399.8400,,,28,34,0,6,23.52187
20260203202931.957,11661.0600,,,24,28,0,4,28.56347
20260203202957.822,11921.0200,,,24,26,0,2,30.76229
20260203203024.455,12191.4000,,,30,34,0,4,23.5236
20260203203050.860,12459.4700,,,28,34,0,6,23.52137
20260203203117.388,12729.4000,,,33,37,0,4,21.61459
20260203203143.526,12993.7900,,,27,30,0,3,26.66041
20260203203209.441,13258.1500,,,31,36,0,5,22.21574
20260203203235.639,13522.2100,,,24,27,0,3,29.62076
20260203203301.634,13785.9200,,,27,32,0,5,24.99241
20260203203327.694,14049.5900,,,28,31,0,3,25.80001
20260203203353.799,14313.1900,,,23,27,0,4,29.62021
20260203203420.151,14580.1300,,,29,33,0,4,24.23543
20260203203446.423,14848.5300,,,34,39,0,5,20.50645
20260203203512.266,15110.3500,,,24,29,0,5,27.57908
20260203203538.560,15378.2800,,,32,35,0,3,22.8514
20260203203604.341,15639.8300,,,24,31,0,7,25.79749
20260203203630.312,15902.6800,,,26,27,0,1,29.62184
20260203203656.463,16168.5600,,,33,34,0,1,23.52307
20260203203722.608,16434.3900,,,28,35,0,7,22.85168
20260203203748.595,16699.2400,,,25,34,0,9,23.5245
20260203203815.034,16969.8100,,,34,39,0,5,20.50597
20260203203841.005,17233.0100,,,26,30,0,4,26.65952
20260203203907.313,17501.8600,,,31,37,0,6,21.61621
20260203203933.270,17766.5000,,,34,36,0,2,22.21698
20260203203959.491,18034.2600,,,30,36,0,6,22.21633
20260203204025.351,18296.8800,,,25,31,0,6,25.7991
20260203204051.465,18560.5300,,,26,27,0,1,29.62303
20260203204117.526,18823.2700,,,27,27,0,0,29.61996
20260203204143.021,19081.4200,,,26,28,0,2,28.56418
20260203204209.165,19344.1500,,,23,27,0,4,29.62428
20260203204235.266,19612.2600,,,33,42,0,9,19.04138
20260203204301.873,19884.6400,,,28,38,0,10,21.04584
20260203204327.878,20149.0700,,,25,35,0,10,22.84944
20260203204354.097,20416.0200,,,22,36,0,14,22.21576
20260203204420.271,20680.4600,,,31,32,0,1,24.99143
20260203204446.759,20949.7200,,,30,36,0,6,22.21704
20260203204513.035,21216.7000,,,27,33,0,6,24.23622
20260203204539.445,21485.7000,,,25,36,0,11,22.21648
20260203204605.721,21753.3900,,,32,36,0,4,22.21577
20260203204632.164,22020.8500,,,26,31,0,5,25.79772
20260203204658.527,22290.7800,,,30,39,0,9,20.50643
20260203204724.868,22557.4400,,,26,30,0,4,26.6584
20260203204751.050,22821.2100,,,24,27,0,3,29.62316
20260203204817.172,23087.8600,,,30,34,0,4,23.52344
20260203204843.705,23358.7700,,,37,39,0,2,20.5071
20260203204909.735,23623.6000,,,26,32,0,6,24.99277
20260203204936.136,23891.4700,,,30,32,0,2,24.99358
20260203205002.519,24159.4300,,,30,32,0,2,24.99301
20260203205028.750,24424.4200,,,26,28,0,2,28.5632
20260203205054.613,24686.5800,,,26,29,0,3,27.57784
20260203205120.867,24952.1300,,,28,30,0,2,26.6607
20260203205147.235,25220.2900,,,30,34,0,4,23.52294
20260203205213.035,25479.6900,,,23,25,0,2,31.9909
20260203205239.550,25751.5500,,,33,40,0,7,19.99517
20260203205305.651,26016.6500,,,29,32,0,3,24.99334
20260203205332.206,26287.3200,,,35,38,0,3,21.04707
20260203205358.387,26553.9200,,,31,34,0,3,23.52325
20260203205358.388,26553.9200,TotalRsetMean32.380],2
20260203205358.389,26553.9200,TotalRsetMean3.813],2
20260203205358.389,26553.9200,UserbetResetMean0.000],5
20260203205358.389,26553.9200,UserbetResetMean0.000],5
20260203205358.389,26553.9200,UsershutterResetMean4.510],6
20260203205358.389,26553.9200,UsershutterResetMean2.581],6
20260203205358.389,26553.9200,MeanDistBetResets25.078],7
20260203205358.390,26553.9200,MeanDistBetResets3.170],7
