Date,Timestamp,Event_Log,Event_Log_Num,resetWallCountperEpisode,resetTotalCountperEpisode,reset00CountperEpisode,reset01CountperEpisode,resetbetCountperEpisode
20260204092442.743,264.8793,,,30,33,0,3,24.23571
20260204092510.644,534.6981,,,32,36,0,4,22.21658
20260204092538.188,801.9750,,,32,34,0,2,23.52177
20260204092605.029,1060.1830,,,26,28,0,2,28.56323
20260204092632.279,1321.0440,,,27,27,0,0,29.62418
20260204092700.209,1590.6740,,,32,36,0,4,22.21478
20260204092727.690,1857.5520,,,27,33,0,6,24.23661
20260204092754.942,2126.3490,,,36,37,0,1,21.61553
20260204092821.619,2391.5840,,,31,37,0,6,21.61657
20260204092848.478,2657.4730,,,30,33,0,3,24.23292
20260204092915.095,2920.5540,,,28,30,0,2,26.65923
20260204092941.904,3184.9790,,,27,30,0,3,26.65928
20260204093009.230,3455.5190,,,24,31,0,7,25.7996
20260204093036.035,3723.2620,,,33,37,0,4,21.61592
20260204093102.875,3989.0180,,,25,31,0,6,25.79936
20260204093129.488,4254.6520,,,34,36,0,2,22.21522
20260204093156.320,4522.7280,,,27,37,0,10,21.61557
20260204093223.381,4793.5350,,,30,38,0,8,21.04737
20260204093249.668,5055.6060,,,27,30,0,3,26.66005
20260204093316.358,5322.9160,,,30,38,0,8,21.04665
20260204093342.858,5585.1870,,,25,27,0,2,29.62231
20260204093409.371,5848.3010,,,25,28,0,3,28.56482
20260204093436.026,6114.8130,,,30,36,0,6,22.21547
20260204093502.728,6381.1790,,,27,33,0,6,24.23591
20260204093529.439,6645.9470,,,27,29,0,2,27.57784
20260204093555.987,6910.6600,,,27,33,0,6,24.23698
20260204093622.734,7176.6940,,,25,30,0,5,26.66068
20260204093648.746,7433.5150,,,22,25,0,3,31.99021
20260204093715.358,7699.1600,,,30,34,0,4,23.52341
20260204093741.943,7966.0820,,,33,39,0,6,20.5084
20260204093808.662,8231.8930,,,26,30,0,4,26.65973
20260204093835.763,8502.1010,,,31,34,0,3,23.52142
20260204093902.678,8771.3640,,,31,37,0,6,21.61539
20260204093929.632,9040.0060,,,28,33,0,5,24.23627
20260204093955.933,9300.6680,,,24,30,0,6,26.65992
20260204094022.479,9564.1370,,,25,30,0,5,26.65907
20260204094049.296,9830.7260,,,30,33,0,3,24.23476
20260204094115.918,10096.8600,,,33,36,0,3,22.21449
20260204094142.748,10364.3300,,,24,34,0,10,23.52195
20260204094209.474,10627.8500,,,30,31,0,1,25.80035
20260204094236.371,10895.0000,,,29,33,0,4,24.23617
20260204094302.936,11159.7400,,,25,37,0,12,21.61637
20260204094329.314,11421.3700,,,26,30,0,4,26.65778
20260204094356.296,11688.2400,,,28,31,0,3,25.7999
20260204094422.871,11950.5500,,,26,29,0,3,27.57558
20260204094449.775,12219.5600,,,31,38,0,7,21.04735
20260204094516.547,12485.6200,,,29,33,0,4,24.23481
20260204094543.167,12750.1500,,,28,31,0,3,25.80022
20260204094610.282,13021.5300,,,31,36,0,5,22.21727
20260204094636.898,13287.6000,,,27,32,0,5,24.99263
20260204094703.473,13551.2800,,,28,31,0,3,25.79961
20260204094729.940,13814.2900,,,25,31,0,6,25.79966
20260204094756.546,14076.6800,,,25,28,0,3,28.56291
20260204094823.503,14345.4300,,,30,35,0,5,22.85
20260204094850.005,14607.8600,,,21,26,0,5,30.75902
20260204094916.766,14873.8800,,,28,32,0,4,24.993
20260204094943.993,15143.7100,,,31,34,0,3,23.5226
20260204095010.423,15405.0200,,,27,30,0,3,26.65835
20260204095037.282,15672.9100,,,32,36,0,4,22.21399
20260204095104.113,15940.2300,,,28,34,0,6,23.52338
20260204095130.786,16205.0200,,,30,31,0,1,25.79954
20260204095157.094,16467.3300,,,27,29,0,2,27.57847
20260204095224.583,16733.1300,,,29,34,0,5,23.52309
20260204095250.998,16996.5700,,,28,33,0,5,24.23587
20260204095317.615,17259.8200,,,22,27,0,5,29.62164
20260204095343.741,17518.4100,,,22,25,0,3,31.98864
20260204095410.270,17782.5500,,,24,32,0,8,24.99249
20260204095437.013,18050.9600,,,30,36,0,6,22.21751
20260204095504.337,18321.3000,,,31,38,0,7,21.04606
20260204095531.068,18586.4100,,,26,31,0,5,25.79871
20260204095557.826,18853.1600,,,30,36,0,6,22.21543
20260204095624.771,19121.0400,,,28,32,0,4,24.99148
20260204095651.498,19387.5000,,,28,32,0,4,24.9938
20260204095718.490,19654.0400,,,28,33,0,5,24.23631
20260204095745.357,19920.0300,,,31,33,0,2,24.23517
20260204095812.131,20186.0400,,,27,33,0,6,24.23614
20260204095838.963,20451.5800,,,28,31,0,3,25.79794
20260204095905.893,20718.8600,,,26,34,0,8,23.52362
20260204095933.008,20988.2600,,,32,37,0,5,21.61608
20260204095959.701,21252.9300,,,29,31,0,2,25.79854
20260204100026.706,21520.9600,,,29,33,0,4,24.23565
20260204100053.283,21783.0900,,,24,28,0,4,28.56368
20260204100120.301,22048.6000,,,27,32,0,5,24.9931
20260204100147.115,22310.7400,,,25,26,0,1,30.76076
20260204100213.718,22574.5800,,,31,33,0,2,24.23549
20260204100240.651,22840.8400,,,26,31,0,5,25.8006
20260204100307.242,23103.9700,,,19,31,0,12,25.79868
20260204100334.254,23371.7400,,,27,33,0,6,24.23701
20260204100400.834,23634.2900,,,25,29,0,4,27.57909
20260204100427.918,23903.9400,,,31,35,0,4,22.85086
20260204100454.873,24171.9300,,,28,33,0,5,24.23512
20260204100521.688,24437.5600,,,26,32,0,6,24.99288
20260204100548.705,24704.7700,,,27,32,0,5,24.99236
20260204100615.042,24965.0200,,,23,28,0,5,28.56442
20260204100641.558,25226.8200,,,25,28,0,3,28.56223
20260204100708.402,25493.7200,,,29,35,0,6,22.84905
20260204100735.314,25760.1400,,,31,33,0,2,24.23508
20260204100802.177,26025.2600,,,27,30,0,3,26.65843
20260204100829.123,26292.2100,,,29,32,0,3,24.993
20260204100856.109,26559.6000,,,32,35,0,3,22.84932
20260204100856.109,26559.6000,TotalRsetMean32.380],2
20260204100856.110,26559.6000,TotalRsetMean3.088],2
20260204100856.110,26559.6000,UserbetResetMean0.000],5
20260204100856.110,26559.6000,UserbetResetMean0.000],5
20260204100856.110,26559.6000,UsershutterResetMean4.450],6
20260204100856.110,26559.6000,UsershutterResetMean2.049],6
20260204100856.110,26559.6000,MeanDistBetResets24.947],7
20260204100856.110,26559.6000,MeanDistBetResets2.541],7
