Date,Timestamp,Event_Log,Event_Log_Num,resetWallCountperEpisode,resetTotalCountperEpisode,reset00CountperEpisode,reset01CountperEpisode,resetbetCountperEpisode
20260201091202.983,179.8089,,,27,34,0,7,18.29358
20260201091252.177,359.6289,,,23,29,0,6,23.05296
20260201091338.612,539.4489,,,27,33,0,6,19.3275
20260201091425.954,719.2689,,,27,33,0,6,19.6768
20260201091512.355,899.0889,,,27,33,0,6,20.06989
20260201091559.115,1078.9090,,,28,36,0,8,17.54213
20260201091646.188,1258.7290,,,23,29,0,6,20.98787
20260201091733.266,1438.5490,,,21,23,0,2,27.82335
20260201091820.175,1618.3690,,,18,30,0,12,18.24932
20260201091906.742,1798.1890,,,31,37,0,6,17.26674
20260201091953.483,1978.0090,,,28,36,0,8,17.85525
20260201092040.600,2157.8290,,,24,32,0,8,20.53647
20260201092128.022,2337.6490,,,28,32,0,4,19.61518
20260201092216.469,2517.4690,,,27,31,0,4,20.89041
20260201092303.895,2697.2890,,,23,29,0,6,20.85164
20260201092350.420,2877.1090,,,19,27,0,8,20.11341
20260201092437.109,3056.9290,,,29,31,0,2,21.65059
20260201092524.037,3236.7490,,,25,29,0,4,21.02545
20260201092611.166,3416.5690,,,24,32,0,8,20.51947
20260201092658.334,3596.3890,,,23,25,0,2,20.73187
20260201092745.402,3776.2090,,,26,36,0,10,16.16961
20260201092833.314,3956.0290,,,24,26,0,2,24.21367
20260201092921.670,4135.8490,,,24,30,0,6,19.76068
20260201093009.350,4315.6690,,,28,36,0,8,18.24292
20260201093058.596,4495.4890,,,24,34,0,10,17.63895
20260201093147.398,4675.3090,,,28,36,0,8,17.3497
20260201093239.110,4855.1290,,,25,29,0,4,22.61922
20260201093330.189,5034.9490,,,29,31,0,2,19.0494
20260201093419.040,5214.7690,,,25,37,0,12,16.2282
20260201093509.255,5394.5890,,,24,32,0,8,18.20525
20260201093559.089,5574.4090,,,27,31,0,4,20.30305
20260201093649.570,5754.2290,,,28,40,0,12,15.78512
20260201093741.705,5934.0490,,,19,27,0,8,20.00263
20260201093833.355,6113.8690,,,27,31,0,4,19.88483
20260201093925.751,6293.6890,,,29,39,0,10,16.42513
20260201094020.456,6473.5090,,,28,34,0,6,19.07935
20260201094112.200,6653.3290,,,21,29,0,8,21.65706
20260201094205.479,6833.1490,,,22,28,0,6,18.91007
20260201094302.585,7012.9690,,,24,30,0,6,19.78978
20260201094358.270,7192.7890,,,23,31,0,8,20.6976
20260201094453.375,7372.6090,,,29,39,0,10,16.3011
20260201094551.419,7552.4290,,,27,33,0,6,18.41548
20260201094650.672,7732.2490,,,33,37,0,4,17.98079
20260201094751.884,7912.0690,,,26,32,0,6,20.65703
20260201094849.901,8091.8890,,,23,31,0,8,21.09034
20260201094951.984,8271.7090,,,28,36,0,8,17.51055
20260201095049.172,8451.5280,,,26,30,0,4,21.51164
20260201095149.782,8631.3490,,,19,25,0,6,28.49144
20260201095255.307,8811.1690,,,28,33,0,5,20.12744
20260201095358.358,8990.9880,,,25,27,0,2,24.65433
20260201095358.361,8990.9880,TotalRsetMean31.820],2
20260201095358.361,8990.9880,TotalRsetMean3.806],2
20260201095358.361,8990.9880,UserbetResetMean0.000],5
20260201095358.361,8990.9880,UserbetResetMean0.000],5
20260201095358.361,8990.9880,UsershutterResetMean6.400],6
20260201095358.361,8990.9880,UsershutterResetMean2.458],6
20260201095358.362,8990.9880,MeanDistBetResets19.897],7
20260201095358.362,8990.9880,MeanDistBetResets2.591],7
